# All plastic Mn Johansson
Name: Mn Johansson
Element: Mn
Line: K beta
Xtal: Ge 4 4 0
Num Xtals: 6
Dispersive Direction: Left


Exit Aperture:
  -84.469 167.863 -115.897
  -84.469 167.863 -124.489
  -106.469 167.863 -124.489
  -106.469 167.863 -115.897


Xtals:
  -102.369 104.481 -82.002
  -102.369 93.676 -94.998
  -88.569 93.676 -94.998
  -88.569 104.493 -82.143

  -102.369 89.961 -91.146
  -102.369 81.297 -105.539
  -88.569 81.297 -105.539
  -88.569 89.961 -91.146

  -102.369 79.319 -102.782
  -102.369 73.174 -118.418
  -88.569 73.174 -118.418
  -88.569 79.319 -102.782

  -102.369 72.263 -121.227
  -102.369 68.865 -137.679
  -88.569 68.865 -137.679
  -88.569 72.263 -121.227

  -102.369 71.84 -137.557
  -102.369 71.225 -154.346
  -88.569 71.225 -154.346
  -88.569 71.84 -137.557

  -102.369 76.404 -152.655
  -102.369 78.423 -169.334
  -88.569 78.423 -169.334
  -88.569 76.404 -152.655

Sample:
  -95.469 152.213 -173.17

# clockwise around camera starting at top left pixel
Camera:
  -80.019 243.117 -78.293
  -80.019 243.117 -162.093
  -113.519 243.117 -162.093
  -113.519 243.117 -78.293

Beam:
  -1 0 0

Entrance Aperture:
  -98.885 135.429 -143.742
  -98.885 135.429 -144.698
  -92.118 131.173 -144.698
  -92.118 135.429 -143.742

  -99.0 129.773 -145.364
  -99.0 125.184 -146.415
  -91.989 125.254 -146.659
  -91.989 129.773 -145.364

  -99.262 122.807 -147.361
  -99.262 117.657 -148.838
  -91.715 117.657 -148.838
  -91.715 122.807 -147.361

  -99.757 113.867 -149.925
  -99.757 107.528 -151.742
  -91.206 107.528 -151.742
  -91.206 113.867 -149.925

  -100.004 103.229 -153.486
  -100.004 103.229 -159.199
  -90.928 102.975 -159.199
  -90.928 103.229 -153.486

  -100.018 103.229 -161.831
  -100.018 103.229 -167.358
  -90.937 103.229 -167.358
  -90.937 103.229 -161.831
