Name: Mn K beta von Hamos
Element: Mn
Line: K beta
Energy Range: 6445 6505
Xtal: GaP 4 4 0
Num Xtals: 10

Sample:
  27.694 0 0


Xtals:

  21.846 -117.252 -56.978
  21.846 -120.526 -49.679
  6.846 -120.526 -49.679
  6.846 -117.252 -56.978

  21.846 -121.751 -46.597
  21.846 -124.38 -39.041
  6.846 -124.38 -39.041
  6.846 -121.751 -46.597

  21.846 -125.507 -35.249
  21.846 -127.433 -27.484
  6.846 -127.433 -27.484
  6.846 -125.507 -35.249

  21.846 -128.298 -23.11
  21.846 -129.474 -15.197
  6.846 -129.474 -15.197
  6.846 -128.298 -23.11

  21.846 -129.944 -10.437
  21.846 -130.34 -2.447
  6.846 -130.34 -2.447
  6.846 -129.944 -10.437

  21.846 -130.34 2.447
  21.846 -129.944 10.437
  6.846 -129.944 10.437
  6.846 -130.34 2.447

  21.846 -129.474 15.197
  21.846 -128.298 23.11
  6.846 -128.298 23.11
  6.846 -129.474 15.197

  21.846 -127.433 27.484
  21.846 -125.507 35.249
  6.846 -125.507 35.249
  6.846 -127.433 27.484

  21.846 -124.38 39.041
  21.846 -121.751 46.597
  6.846 -121.751 46.597
  6.846 -124.38 39.041

  21.846 -120.526 49.679
  21.846 -117.252 56.978
  6.846 -117.252 56.978
  6.846 -120.526 49.679


#Entrance Aperture:
#26.93 -17.254 8.103
#26.93 -17.254 -8.103
#26.644 -17.254 -8.103
#26.644 -17.254 8.103


Exit Aperture:
  14.169 -0.254 2.764
  14.169 -0.254 -2.764
  -14.169 -0.254 -2.764
  -14.169 -0.254 2.764


Camera:
  7.828 83.958 41.9
  7.828 83.958 -41.9
  -25.672 83.958 -41.9
  -25.672 83.958 41.9


Entrance Aperture:

  20.801 -39 -18.315
  20.801 -39 -16.58
  25.803 -39 -16.58
  25.803 -39 -18.315

  21.046 -39 -14.35
  21.046 -39 -12.719
  25.864 -39 -12.719
  25.864 -39 -14.35

  21.236 -39 -10.421
  21.236 -39 -8.875
  25.91 -39 -8.875
  25.91 -39 -10.421

  21.368 -39 -6.522
  21.368 -39 -5.041
  25.94 -39 -5.041
  25.94 -39 -6.522

  21.44 -39 -2.646
  21.44 -39 -1.209
  25.954 -39 -1.209
  25.954 -39 -2.646

  21.44 -39 1.209
  21.44 -39 2.646
  25.954 -39 2.646
  25.954 -39 1.209

  21.368 -39 5.041
  21.368 -39 6.522
  25.94 -39 6.522
  25.94 -39 5.041

  21.236 -39 8.875
  21.236 -39 10.421
  25.91 -39 10.421
  25.91 -39 8.875

  21.046 -39 12.719
  21.046 -39 14.35
  25.864 -39 14.35
  25.864 -39 12.719

  20.801 -39 16.58
  20.801 -39 18.315
  25.803 -39 18.315
  25.803 -39 16.58

