Element: Pr
Line: Lalpha
Xtal: Ge 3 3 1
Energy Range: 5000 5070
Dispersive Direction: Right

Exit Aperture:
  -1.712 1.344 1.207
  -1.712 1.344 0.242
  -1.922 1.103 1.207
  -1.922 1.103 0.242

Xtals:
  -1.91 -0.255 1.118
  -1.91 -0.255 0.331
  -1.443 -0.327 1.118
  -1.443 -0.327 0.331

  -1.449 -0.597 1.118
  -1.449 -0.597 0.331
  -0.976 -0.596 1.118
  -0.976 -0.596 0.331

  -0.944 -0.814 1.118
  -0.944 -0.814 0.331
  -0.479 -0.73 1.118
  -0.479 -0.73 0.331

  -0.364 -0.843 1.118
  -0.364 -0.843 0.331
  0.075 -0.669 1.118
  0.075 -0.669 0.331

  0.15 -0.67 1.118
  0.15 -0.67 0.331
  0.545 -0.41 1.118
  0.545 -0.41 0.331

  0.575 -0.285 1.118
  0.575 -0.285 0.331
  0.909 0.048 1.118
  0.909 0.048 0.331

Sample:
  -0.343 2.108 0.724

# clockwise around camera starting at top left pixel
Camera:
  -2.117 4.653 0.183
  -4.285 2.167 0.183
  -4.285 2.167 1.502
  -2.117 4.653 1.502

Beam:
  -1 0 0

Entrance Aperture:
  -0.976 0.988 0.587
  -0.876 0.934 0.587
  -0.876 0.934 0.867
  -0.976 0.988 0.867

  -0.798 0.891 0.586
  -0.695 0.835 0.586
  -0.695 0.835 0.865
  -0.798 0.891 0.586

  -0.583 0.774 0.582
  -0.474 0.714 0.582
  -0.474 0.714 0.867
  -0.583 0.774 0.867

  -0.317 0.672 0.579
  -0.194 0.672 0.579
  -0.194 0.672 0.87
  -0.317 0.672 0.87

  -0.016 0.672 0.574
  0.113 0.672 0.574
  0.113 0.672 0.873
  -0.016 0.672 0.873

  # actual aperture geometry
  0.313 0.672 0.56
  0.457 0.672 0.56
  0.457 0.672 0.883
  0.313 0.672 0.883

